1.67184951306067
-0.00794931459427
1.68830276111424
0.92069656244685
1.75240433436745
2.67436647492614
1.81329759518301
0.93905808823742
1.75673011621873
0.91765315026962
0.89056621392221
0.95100114831439
0.90655461022456
0.92798563853839
0.9024401939934
0.89846370480483
0.92838058484721
0.91153204556299
1.73572019415507
0.9095653498411
0.97141913229043
1.82513249209163
2.58279019649483
2.66946736815611
2.68827686234851
1.83471783296715
0.93473195641674
1.72413644910934
-0.00456880950928
0.95695738435506
2.69098583521401
1.8164978647785
-0.00300203466415
1.71483771353539
0.95814056558918
0.89485295109563
-0.00340148019791
0.9126412826624
0.90753795779126
0.91370489236955
1.66309397638959
-0.00220030760765
0.95583737432792
1.80489821347567
2.6347197385933
-0.00270947790146
-0.00108823883533
0.93727400716671
1.87627774846937
3.91882681302496
2.74752750131508
0.89363449166241
2.51390501445357
4.29211374165257
0.92766979542235
3.60862550929157
-0.00471719264984
-0.0090489730835
1.85083852265604
1.72245210778557
0.909627569796
1.81275036806328
2.6812068313614
-0.00180741894245
1.68184406240825
0.93712504097628
-0.01480477333069
-0.00116384375095
-0.006047290802
-0.01824580574036
-0.00393311715126
1.774820940315
0.90002327060067
-0.00277042913437
3.34839156740673
-0.00192159974575
-0.00528934955597
0.95553287361588
-0.0022845788002
2.65838414004912
0.9058510796639
0.89666308894251
3.3834489863176
-0.00290503644943
-0.00509031534195
1.79147918495857
1.77047782083174
-0.00271476125717
0.88728575965611
2.67982327076979
2.70531039562674
0.90405624074193
1.84601233577279
2.68584440272913
1.87205834254702
3.48173896779164
1.74443150589831
3.69550910240285
2.70052833395116
1.83905810641633
1.81408579572919
3.73274110753292
5.02535312898893
3.41145699538557
2.61416258621837
4.0663951688563
3.49217919022774
8.07603178831162
5.06343534760648
4.27868720540187
4.0564196409082
3.53907261336287
-0.00223204350471
4.38681572578615
3.29868125226463
2.80805350904951
2.57040806613938
0.92908948470049
3.33981207190814
1.89349469244511
3.56653942805557
2.46928540432651
1.75332957518753
0.91214067947728
4.09288542679583
1.88816476435039
2.64212373720556
0.92145315542747
2.44417952259785
0.95715564618624
1.86538594881477
1.78477269067738
0.92305123992617
1.67309070730569
0.92003217232091
0.90803664484396
0.92249741717172
4.81455090716091
4.17415417399506
3.433682670685
2.70480424992136
2.43385076006925
2.58359496853362
1.63031787817021
2.71820902014906
2.5860903694113
3.6111954763887
2.45884896056359
0.91168525828999
3.43693488467992
3.48006736272768
3.13195243452372
2.51936464999558
2.57629773048859
0.91520756352323
0.90037111607666
-0.00253012180328
0.90899499004965
1.79194176247047
2.58942956996698
1.85434207947769
1.76803339156478
0.9137805151589
0.90999212463589
2.61004411838875
3.50661075746517
0.89679134119793
0.90111973678016
1.91535532284147
1.8221517225774
0.90733133771678
2.61703321741816
0.94885364434841
1.75875430958197
1.79673231929781
2.50784208968827
1.77581410665129
0.96873494860296
2.83634092964354
0.8969947392417
-0.00505179452896
0.9604260142505
0.91447368175119
0.89102261249836
0.89271983983775
0.93734817195743
0.92959516306245
-0.00460991811752
0.93418291079932
0.86872590089326
2.70275698197976
-0.00289880180359
-0.00328020000458
0.91810008988169
1.75414196332974
-0.00220350551605
1.71718842292705
-0.00191355037689
1.79163560043808
2.56172153822369
0.9154244412964
4.18912415795541
3.42413990994902
5.10347570426638
3.64658472298283
6.68283423748852
2.587941032332
1.74545196366863
1.81545267432438
4.26779660374136
4.60936355444606
-0.00580611610413
0.92866917391705
2.6984001802634
3.7538500395699
1.86556601926423
2.43784308426538
1.71131359862024
4.41453616252277
4.12681346188303
4.63665749755915
2.50405343093659
2.78203723295372
7.03396298274459
3.16939371890118
6.72801151150689
1.77156365253776
7.0241342855307
12.4261841715333
6.79339221165817
9.68882401114631
3.33537266454867
2.61783200380926
1.71598021926353
5.76462977738689
7.84632465252294
4.93920162871224
3.20109401428443
9.51318154477078
4.24122279621817
3.43595871654549
8.10109080717685
5.14803842011962
7.78173770223891
9.1059228061791
4.60916024262871
8.09015311370147
5.27621764931105
4.03457457661383
6.82834655130189
5.81359221751017
8.40521806573173
15.714799495428
